tDisplayRect(s);
    if(r.grown){ ctx.drawImage(yorktownThumb(), x, y, w, h); return true; }
    drawYorktownLand(s);
    return true;
  }

  var PLACES=[
    {name:"Santa Fe", lon:-105.9378, lat:35.6870, z:0},
    {name:"Chicago", lon:-87.6298, lat:41.8781, z:0},
    {name:"Boston", lon:-71.0589, lat:42.3601, z:0},
    {name:"Brownsville", lon:-97.4975, lat:25.9017, z:0},
    {name:"Key West", lon:-81.7799, lat:24.5551, z:0},
    {name:"Washington", lon:-77.0369, lat:38.9072, z:0},
    {name:"New Orleans", lon:-90.20, lat:29.96, z:0},
    {name:"Richmond", lon:-77.4360, lat:37.5407, z:0},
    {name:"St. Louis", lon:-90.22, lat:38.64, z:0, align:"right"},
    {name:"Alexandria", lon:-77.0469, lat:38.8048, z:1.6},
    {name:"Falls Church", lon:-77.1711, lat:38.8823, z:1.8},
    {name:"Springfield", lon:-77.1872, lat:38.7893, z:2.2},
    {name:"Fredericksburg", lon:-77.4605, lat:38.3032, z:0.6},
    {name:"Port Royal", lon:-77.1910, lat:38.1700, z:0.4},
    {name:"Yorktown", lon:-76.5085, lat:37.2389, z:0.4},
    {name:"Fort Monroe", lon:-76.3080, lat:37.0037, z:0.5}
  ];

  /* Theatre land: Natural Earth 50m, clipped NM–Great Lakes–Boston–Gulf–Keys. March 1861 water only. */
  var LAND=[
    {name:"mainland", pts:[[-70.458,43.4],[-70.733,43.07],[-70.829,42.825],[-70.736,42.669],[-70.613,42.623],[-70.831,42.553],[-71.046,42.331],[-70.738,42.229],[-70.618,42.04],[-70.656,41.987],[-70.427,41.757],[-70.295,41.729],[-70.001,41.826],[-70.11,42.03],[-70.241,42.091],[-70.109,42.078],[-69.978,41.961],[-69.949,41.677],[-70.657,41.534],[-70.701,41.715],[-71.169,41.489],[-71.204,41.641],[-71.149,41.746],[-71.271,41.681],[-71.39,41.795],[-71.364,41.703],[-71.523,41.379],[-72.925,41.285],[-73.583,41.022],[-73.987,40.751],[-73.872,41.055],[-73.97,41.25],[-73.927,40.914],[-74.264,40.529],[-74.242,40.456],[-73.998,40.452],[-73.972,40.4],[-74.08,39.788],[-74.065,39.993],[-74.257,39.614],[-74.407,39.549],[-74.429,39.387],[-74.603,39.293],[-74.794,39.002],[-74.954,38.95],[-74.897,39.145],[-75.136,39.208],[-75.524,39.49],[-75.422,39.79],[-75.154,39.871],[-75.074,39.983],[-75.401,39.832],[-75.588,39.641],[-75.392,39.093],[-75.089,38.778],[-75.187,38.591],[-75.073,38.579],[-75.039,38.426],[-75.074,38.366],[-75.117,38.406],[-75.16,38.255],[-75.354,38.065],[-75.587,37.559],[-75.812,37.425],[-75.934,37.152],[-75.975,37.398],[-75.659,37.954],[-75.851,37.972],[-75.795,38.087],[-75.928,38.169],[-75.859,38.362],[-76.051,38.28],[-76.265,38.436],[-76.264,38.6],[-76.017,38.625],[-76.213,38.758],[-76.341,38.71],[-76.3,38.818],[-76.168,38.853],[-76.241,38.943],[-76.331,38.909],[-76.313,39.009],[-76.186,38.991],[-76.135,39.082],[-76.217,39.064],[-76.236,39.192],[-76.074,39.369],[-75.876,39.376],[-76.003,39.411],[-75.873,39.511],[-75.97,39.505],[-75.959,39.585],[-76.063,39.561],[-76.097,39.433],[-76.216,39.38],[-76.248,39.439],[-76.276,39.323],[-76.331,39.404],[-76.421,39.225],[-76.57,39.269],[-76.428,39.126],[-76.473,39.031],[-76.559,39.065],[-76.494,38.945],[-76.501,38.532],[-76.394,38.369],[-76.572,38.436],[-76.677,38.612],[-76.669,38.538],[-76.409,38.268],[-76.341,38.087],[-76.769,38.263],[-76.868,38.39],[-76.89,38.292],[-77.001,38.445],[-77.233,38.408],[-77.221,38.541],[-77.018,38.778],[-77.03,38.889],[-77.046,38.776],[-77.26,38.6],[-77.314,38.397],[-77.047,38.357],[-76.906,38.197],[-76.55,38.094],[-76.264,37.894],[-76.36,37.80],[-76.48,37.74],[-76.40,37.66],[-76.306,37.571],[-76.368,37.53],[-76.269,37.495],[-76.263,37.357],[-76.401,37.386],[-76.454,37.274],[-76.283,37.053],[-76.32,37.002],[-76.401,36.978],[-76.42,36.86],[-76.244,36.953],[-75.999,36.913],[-75.758,36.229],[-75.534,35.819],[-75.728,36.104],[-75.946,36.659],[-75.993,36.474],[-75.82,36.113],[-76.148,36.279],[-76.15,36.146],[-76.271,36.19],[-76.227,36.116],[-76.384,36.134],[-76.559,36.015],[-76.679,36.075],[-76.734,36.229],[-76.726,35.958],[-76.07,35.97],[-76.084,35.691],[-76.001,35.722],[-75.979,35.896],[-75.854,35.96],[-75.759,35.843],[-75.774,35.647],[-76.174,35.354],[-76.49,35.397],[-76.577,35