[-78.922,42.924],[-79.066,43.106],[-78.895,43.058],[-78.878,42.799],[-79.209,42.555],[-81.723,41.511],[-82.48,41.398],[-82.643,41.467],[-83.027,41.455],[-82.7,41.521],[-82.963,41.542],[-83.456,41.742],[-83.177,42.049],[-83.105,42.286]]},
    {name:"Lake Ontario", pts:[[-76.658,43.4],[-76.963,43.264],[-78.457,43.388],[-79.338,43.198],[-79.728,43.253],[-79.774,43.32],[-79.703,43.4],[-76.658,43.4]]},
    {name:"Lake Saint Clair", pts:[[-83.076,42.275],[-82.902,42.394],[-82.733,42.69],[-82.65,42.687],[-82.613,42.525],[-82.418,42.472],[-82.516,42.322],[-83.076,42.275]]},
    {name:"Lake Okeechobee", pts:[[-80.629,26.887],[-80.784,26.691],[-81.081,26.956],[-80.759,27.182],[-80.629,26.887]]},
    {name:"Lake Michigan", pts:[[-86.431,43.4],[-86.222,42.9],[-86.352,42.309],[-86.692,41.853],[-87.073,41.669],[-87.412,41.656],[-87.557,41.766],[-87.797,42.211],[-87.781,42.753],[-87.893,43.041],[-87.881,43.347],[-87.849,43.4],[-86.431,43.4]]},
    {name:"Lake Huron", pts:[[-81.737,43.4],[-82.088,43.133],[-82.417,43.017],[-82.544,43.4],[-81.737,43.4]]},
    {name:"Lago Madre", pts:[[-97.427,25.354],[-97.755,24.2],[-97.741,24.391],[-97.833,24.517],[-97.725,24.501],[-97.643,24.908],[-97.729,24.994],[-97.754,25.257],[-97.654,25.365],[-97.543,25.312],[-97.508,25.447],[-97.427,25.354]]},
    {name:"Rappahannock estuary", pts:[[-77.452,38.308],[-77.406,38.265],[-77.233,38.233],[-77.182,38.191],[-77.042,38.174],[-76.967,38.134],[-76.891,38.032],[-76.828,37.944],[-76.746,37.836],[-76.669,37.744],[-76.559,37.693],[-76.434,37.658],[-76.36,37.63],[-76.36,37.57],[-76.466,37.582],[-76.601,37.627],[-76.731,37.696],[-76.814,37.804],[-76.892,37.916],[-76.949,38.008],[-77.013,38.106],[-77.058,38.136],[-77.2,38.175],[-77.247,38.207],[-77.418,38.245],[-77.468,38.298]]},
    {name:"Potomac estuary", pts:[[-77.03,38.9],[-77.028,38.798],[-77.067,38.704],[-77.147,38.632],[-77.252,38.515],[-77.25,38.405],[-77.163,38.333],[-77.036,38.236],[-76.91,38.2],[-76.77,38.162],[-76.571,38.104],[-76.394,38.076],[-76.31,38.067],[-76.34,38.05],[-76.34,38.00],[-76.406,38.024],[-76.589,38.056],[-76.79,38.118],[-76.93,38.16],[-77.064,38.204],[-77.197,38.307],[-77.29,38.395],[-77.288,38.525],[-77.173,38.648],[-77.093,38.716],[-77.052,38.802],[-77.05,38.9]]},
    {name:"Chesapeake Bay", pts:[[-76.52,39.22],[-76.28,39.18],[-76.12,39.0],[-76.08,38.7],[-76.06,38.35],[-76.04,38.0],[-76.02,37.65],[-76.04,37.3],[-76.1,37.05],[-76.16,36.99],[-76.28,36.94],[-76.38,36.95],[-76.34,36.97],[-76.24,37.00],[-76.22,37.10],[-76.32,37.18],[-76.42,37.22],[-76.4,37.5],[-76.38,37.62],[-76.36,37.82],[-76.34,38.0],[-76.4,38.15],[-76.48,38.45],[-76.5,38.8],[-76.48,39.05]]},
    {name:"James estuary", pts:[[-77.47,37.538],[-77.436,37.534],[-77.40,37.505],[-77.405,37.435],[-77.35,37.392],[-77.27,37.336],[-77.05,37.336],[-76.97,37.252],[-76.78,37.226],[-76.64,37.18],[-76.54,37.11],[-76.43,36.968],[-76.40,36.96],[-76.40,36.93],[-76.48,36.90],[-76.58,37.035],[-76.68,37.15],[-76.78,37.172],[-76.97,37.198],[-77.05,37.278],[-77.27,37.302],[-77.36,37.358],[-77.43,37.4],[-77.45,37.518],[-77.48,37.522]]},
    {name:"Hampton Roads", pts:[[-76.46,36.968],[-76.40,36.958],[-76.32,36.948],[-76.22,36.96],[-76.14,36.985],[-76.14,36.94],[-76.24,36.915],[-76.36,36.905],[-76.46,36.92]]},
    {name:"York estuary", pts:[[-76.80,37.545],[-76.70,37.475],[-76.58,37.355],[-76.508,37.251],[-76.43,37.240],[-76.42,37.228],[-76.40,37.222],[-76.42,37.214],[-76.508,37.241],[-76.58,37.325],[-76.70,37.445],[-76.80,37.518]]},
    {name:"Mobile Bay", pts:[[-87.92,30.22],[-87.84,30.38],[-87.88,30.62],[-87.96,30.71],[-88.08,30.71],[-88.16,30.48],[-88.15,30.30],[-88.06,30.20],[-87.92,30.22]]}
  ];
  /* Period main stems, reservoir gaps closed. */
  var RIVERS=[
    {name:"Mississippi", pts:[[-91.222,43.4],[-91.217,43.383],[-91.087,43.317],[-91.08,42.792],[-90.703,42.655],[-90.14,42.031],[-90.362,41.593],[-91.055,41.383],[-90.949,40.982],[-91.153,40.672],[-91.412,40.564],[-91.449,39.865],[-90.774,39.279],[-90.627,38.89],[-90.473,38.95],[-90.156,3