,38.902],[-77.272,39.048],[-77.496,39.124],[-77.467,39.244],[-77.736,39.331],[-77.748,39.423],[-77.806,39.448],[-77.771,39.502],[-77.88,39.564],[-77.847,39.612],[-77.969,39.602],[-78.185,39.704],[-78.28,39.635],[-78.424,39.629],[-78.438,39.551],[-78.74,39.427],[-79.025,39.026],[-79.22,38.978],[-79.341,38.625],[-79.621,38.441]]},
    {name:"Illinois", pts:[[-87.845,41.095],[-88.301,41.403],[-88.605,41.304],[-89.335,41.321],[-89.345,41.133],[-89.679,40.575],[-89.873,40.532],[-90.597,39.872],[-90.612,39.113],[-90.473,38.95]]},
    {name:"Wabash", pts:[[-84.755,40.359],[-84.606,40.367],[-84.796,40.427],[-84.747,40.557],[-85.576,40.895],[-86.517,40.743],[-86.918,40.41],[-87.066,40.416],[-87.432,40.197],[-87.393,39.618],[-87.667,39.118],[-87.511,38.763],[-87.653,38.497],[-87.992,38.233],[-87.934,38.16],[-88.112,37.898],[-88.001,37.765]]},
    {name:"Delaware", pts:[[-74.619,42.435],[-75.058,42.167],[-75.418,42.069],[-75.249,41.882],[-75.079,41.828],[-74.984,41.498],[-74.699,41.354],[-75.14,40.982],[-75.058,40.872],[-75.189,40.758],[-75.182,40.57],[-75.089,40.558],[-75.036,40.415],[-74.729,40.163],[-75.023,40.016],[-75.14,39.75],[-75.42,39.43]]},
    {name:"Connecticut", pts:[[-72.415,43.4],[-72.471,43.006],[-72.556,42.878],[-72.47,42.699],[-72.577,42.606],[-72.632,42.353],[-72.653,41.592],[-72.379,41.366]]},
    {name:"Susquehanna", pts:[[-74.882,42.819],[-74.984,42.489],[-75.586,42.215],[-75.608,41.961],[-75.995,42.12],[-76.275,42.109],[-76.505,41.97],[-76.43,41.767],[-76.058,41.633],[-75.784,41.331],[-76.121,41.171],[-76.145,41.077],[-76.783,40.89],[-77.017,40.389],[-76.53,40.062],[-76.077,39.56]]},
    {name:"Rappahannock", pts:[[-78.112,38.879],[-77.998,38.716],[-77.877,38.657],[-77.862,38.569],[-77.738,38.419],[-77.645,38.413],[-77.611,38.358],[-77.472,38.316],[-77.412,38.255],[-77.24,38.243],[-77.191,38.176],[-77.05,38.15],[-76.99,38.12],[-76.92,38.02],[-76.86,37.93],[-76.78,37.82],[-76.70,37.72],[-76.58,37.66],[-76.45,37.62]]},
    {name:"York", pts:[[-77.713,38.007],[-77.437,37.882],[-77.392,37.778],[-77.337,37.788],[-77.322,37.739],[-77.118,37.658],[-77.088,37.604],[-76.957,37.537],[-76.931,37.564],[-76.795,37.532],[-76.70,37.47],[-76.58,37.35],[-76.508,37.246],[-76.45,37.236],[-76.42,37.23]]},
    {name:"Trinity", pts:[[-96.901,32.806],[-96.512,32.53],[-96.437,32.343],[-96.16,32.204],[-95.98,31.797],[-95.784,31.688],[-95.782,31.61],[-95.722,31.635],[-95.742,31.466],[-95.656,31.333],[-95.777,31.128],[-95.639,31.054],[-95.645,30.933],[-95.424,30.936],[-95.372,30.848],[-95.259,30.885],[-95.028,30.581],[-94.835,30.539],[-94.775,30.335],[-94.839,30.029],[-94.745,29.782]]},
    {name:"James", pts:[[-79.8,37.79],[-79.45,37.6],[-79.15,37.41],[-78.88,37.4],[-78.55,37.4],[-78.16,37.52],[-77.65,37.56],[-77.45,37.53],[-77.42,37.42],[-77.36,37.38],[-77.27,37.314],[-77.05,37.31],[-76.97,37.23],[-76.78,37.21],[-76.64,37.15],[-76.55,37.08],[-76.40,36.96]]}
  ];
  var WATER_LABELS=[
    {name:"Atlantic Ocean", lon:-72.40, lat:34.60, z:0},
    {name:"Gulf of Mexico", lon:-90.60, lat:25.70, z:0},
    {name:"Lake Michigan", lon:-87.05, lat:43.05, z:0},
    {name:"Mississippi R.", lon:-91.20, lat:33.90, z:0},
    {name:"Chesapeake Bay", lon:-76.10, lat:37.68, z:1.0},
    {name:"Potomac R.", lon:-77.12, lat:38.42, z:1.8},
    {name:"Rappahannock R.", lon:-76.78, lat:37.92, z:2.0},
    {name:"York R.", lon:-76.62, lat:37.34, z:2.4},
    {name:"James R.", lon:-76.92, lat:37.20, z:2.4},
    {name:"Hampton Roads", lon:-76.32, lat:36.96, z:2.2}
  ];
  /* Resource chips sit flush to the station name — no reserved empty icon column. */
  var ICON_GAP=1, NAME_GAP=0, ICON=14;
  var RES_CHIP={
    charcoal:{border:"#2f6b3a", ink:"#2a2418"},
    "iron-ore":{border:"#8a2a22", ink:"#2a2418"},
    "pig-iron":{border:"#8a2a22", ink:"#2a2418"}
  };
  var STATIONS=[
    {name:"Liberty Furnace", lon:-78.663, lat:38.821, res:["charcoal","iron-ore","iron-ore"]},
    {name:"Columbia Furnace", lon:-78.636, lat:38.870, res:["charcoal","iron-ore","pig-iron"]},
    {na